sensor:
  cameras:
    - camera:
        intrinsics:
          cols: 1
          rows: 4
          data: [313.1323526829374, 312.7882554488215, 317.4823292861723, 266.1492306910864]
        distortion:
          cols: 1
          rows: 4
          data: [0.014823981633374322, 0.00849411550331658, -0.005495615270490272, 0.0003959254043927807]
        distortion_type: kannala-brandt
        image_width: 640
        image_height: 544
      T_B_C:
        cols: 4
        rows: 4
        data: [-0.0342055, -0.210095, 0.977082, 0.39,
                -0.99927, -0.00945726, -0.0370158, 0.0325,
                0.0170174, -0.977635, -0.209618, 0.09,
                0.0, 0.0, 0.0, 1.0]
        projection_type: pinhole
        timeshift: 0
    - camera:
        intrinsics:
          cols: 1
          rows: 4
          data: [309.4449392077501, 309.2248948236785, 329.244807304851, 271.6269518862066]
        distortion:
          cols: 1
          rows: 4
          data: [0.016001122029894038, 0.012487720282339548, -0.009587653127807587, 0.001792186878217462]
        distortion_type: kannala-brandt
        image_width: 640
        image_height: 544
      T_B_C:
        cols: 4
        rows: 4
        data: [-0.03059209177255941, -0.21115266551900572, 0.9769738152808606, 0.38792563699579824,
                -0.9993993059278318, -0.00946585418306913, -0.03334017144367553, -0.0323600497428211,
                0.01628780525193202, -0.9774070245483161, -0.2107361070520084, 0.09141489935292318,
                0.0, 0.0, 0.0, 1.0]
        projection_type: pinhole
        timeshift: 0
  imu:
    T_B_I:
      cols: 4
      rows: 4
      data: [0.21125080041994412, 0.048081553788303824, -0.9762481362268945, 0.3541433598909825,
              0.0022103244278918613, 0.9987633701938722, 0.049668772294562014, -0.004268068028080899,
              0.9774291568802577, -0.012650437304019251, 0.2108831448175165, 0.09295512047836725,
              0.0, 0.0, 0.0, 1.0]
    acc_param:
      x: 0
      y: 0
      z: 0
    gyro_param:
      x: 0
      y: 0
      z: 0
  sigma_v: 0.018
  sigma_w: 0.007
  sigma_bg: 5e-05
  lds:
    translation_body_laser_x: 0
    translation_body_laser_y: 0
    rotation_body_laser: 0
    ray_start_x: 0
  odo:
    perimeter: 0.7477
    halflength: 0.1775
    scale: 1194
  transform_body_laser:
    data: [1, 0, 0, 0, 0, 1, 0, 0, 0, 0, 1, 0]
  rtk:
    t_B_R: [-0.036, 0, 0.13]
  merge_odo_and_imu: True
